0000000000000000000000000
0000000000111110000000000
0000000001000001000000000
0000000110011100100000000
0000001010000000100000000
0000000110000000100000000
0000000010000000100000000
0000000001000001000000000
0000000000111110000000000
0000000001111111000000000
0000000011111111100000000
0000000111111111110000000
0000001111111111111000000
0000001111111111111000000
0000001111111111111000000
0000000111111111110000000
0000000011111111100000000
0000000001111111000000000
0000000001000001000000000
0000000011000001100000000
0000000110000000110000000